63
10
25
3
0
1
2
4
5
6
65
325
1105
4225
5525
27625
71825
138125
160225
801125
2082925
4005625
5928325
29641625
77068225
148208125
243061325
1215306625
2147483642
2147483643
2147483644
2147483645
2147483646
2147483647
510644794
625058908
1816371419
326864818
1257431873
415485223
1740798996
372654318
1041493518
326122507
473200074
713302969
1077003976
1538292481
1096354453
421330820
1148284322
1475149141
1000582589
2027929049
1941554117
1328649093
1048039120
602519112
874566596
858320077
1369439656
1022907856
1991891221
542915665
